0.319549
0.411187
0.420174
0.413551
0.399902
0.395868
0.390452
0.383113
0.370766
0.367281
0.361434
0.354358
0.35229
0.353481
0.352699
0.347719
0.341382
0.337701
0.335082
0.332145
0.330072
0.326031
0.323478
0.321969
0.317848
0.314848
0.31584
0.312417
0.310455
0.308395
0.30597
0.304642
0.303479
0.303702
0.302119
0.301398
0.301243
0.301739
0.301711
0.301244
0.300163
0.300713
0.300271
0.298494
0.298414
0.29838
0.296541
0.296767
0.295882
0.29467
0.294754
0.294589
0.293341
0.293102
0.293151
0.291811
0.291578
0.291844
0.291161
0.290792
0.290394
0.288991
0.288516
0.28871
0.288063
0.288043
0.287846
0.287245
0.2876
