0.606838
0.705403
0.711538
0.701863
0.698587
0.694531
0.69156
0.687179
0.681594
0.67694
0.672076
0.668954
0.667765
0.666328
0.662866
0.658965
0.654152
0.649767
0.64644
0.642992
0.639928
0.636775
0.635037
0.63172
0.630167
0.629325
0.627993
0.626037
0.625063
0.6221
0.621527
0.620222
0.618429
0.617629
0.616443
0.616157
0.615886
0.615402
0.614401
0.613868
0.612213
0.612746
0.612657
0.612063
0.612089
0.611472
0.611223
0.610886
0.610458
0.60983
0.610486
0.608893
0.609968
0.610512
0.60992
0.608819
0.606804
0.606758
0.607869
0.607835
0.606245
0.605809
0.60584
0.605793
0.6051
0.605648
0.605593
0.605623
0.605761
