0.701863
0.672566
0.571566
0.544598
0.49971
0.472993
0.439482
0.419496
0.398633
0.38225
0.367635
0.361002
0.353476
0.345992
0.341991
0.334806
0.327843
0.324669
0.319169
0.314032
0.310174
0.30656
0.303758
0.300681
0.296983
0.293431
0.290212
0.286125
0.283564
0.282264
0.279335
0.277326
0.274785
0.273359
0.271973
0.272214
0.269609
0.268187
0.266641
0.266297
0.26546
0.265204
0.264661
0.263201
0.262259
0.261559
0.260847
0.258869
0.25852
0.257444
0.256784
0.256263
0.254901
0.253275
0.252916
0.252519
0.251514
0.250711
0.249949
0.249925
0.248795
0.248707
0.248345
0.248278
0.247901
0.246921
0.246821
